11.3525
11.3525
11.5357
11.7188
11.3525
11.1694
11.1694
11.1694
11.1694
11.3525
11.1694
11.1694
11.1694
11.3525
11.1694
11.7188
11.1694
11.3525
13.0005
13.916
11.3525
11.1694
11.1694
11.5357
11.3525
11.1694
11.3525
11.1694
11.3525
11.1694
11.3525
11.1694
12.8174
11.5357
12.2681
11.1694
11.7188
11.1694
11.3525
11.3525
11.1694
10.9863
11.1694
11.1694
10.8032
11.3525
11.1694
11.1694
11.1694
13.1836
11.5357
13.1836
11.7188
13.1836
12.6343
11.9019
13.0005
13.0005
13.3667
13.0005
13.0005
13.3667
13.1836
13.1836
13.0005
13.0005
14.8315
14.6484
13.1836
13.0005
13.0005
13.1836
13.1836
14.4653
14.8315
13.0005
11.7188
14.8315
14.4653
15.0147
13.0005
13.1836
13.1836
13.1836
13.7329
13.1836
13.0005
15.1978
14.6484
14.6484
14.6484
14.6484
13.1836
13.1836
13.1836
13.0005
11.5357
13.0005
14.8315
13.0005
13.0005
13.0005
13.0005
14.6484
13.1836
13.0005
13.0005
13.0005
13.0005
13.0005
13.0005
13.0005
13.916
11.5357
13.0005
14.8315
13.0005
13.1836
14.4653
13.0005
13.1836
13.0005
14.6484
14.4653
14.6484
14.6484
14.6484
14.8315
14.8315
11.1694
13.0005
13.1836
13.1836
13.7329
14.4653
14.8315
11.7188
14.4653
13.1836
12.085
11.5357
13.1836
13.0005
13.0005
14.6484
14.6484
14.8315
14.6484
14.8315
14.6484
13.1836
13.1836
13.0005
13.0005
11.1694
13.0005
14.6484
15.564
14.6484
14.8315
11.3525
13.0005
13.1836
11.5357
12.2681
11.7188
11.3525
13.3667
13.0005
11.9019
13.3667
12.085
11.9019
13.0005
13.5498
12.8174
12.6343
13.0005
11.3525
11.7188
11.3525
11.1694
11.7188
14.4653
13.0005
11.1694
11.1694
11.1694
11.3525
11.1694
11.1694
11.3525
11.7188
11.9019
11.1694
11.9019
13.3667
13.1836
14.4653
15.0147
14.8315
12.8174
13.5498
12.6343
14.6484
13.3667
13.5498
14.6484
12.4512
13.1836
13.0005
13.0005
13.0005
14.6484
14.4653
14.8315
14.6484
14.4653
14.6484
13.0005
13.0005
13.1836
11.3525
13.0005
11.7188
15.7471
11.1694
11.1694
11.1694
11.1694
13.5498
13.1836
13.0005
13.0005
13.0005
13.0005
13.0005
13.0005
13.0005
13.0005
13.3667
13.0005
13.0005
13.0005
13.1836
13.0005
13.0005
13.0005
13.0005
13.0005
13.0005
13.0005
13.0005
13.0005
13.916
13.0005
14.4653
14.6484
14.6484
14.6484
13.1836
13.0005
13.0005
14.6484
13.0005
13.1836
11.3525
13.5498
13.0005
14.4653
14.8315
14.6484
14.6484
14.6484
14.8315
15.0147
13.916
13.0005
13.1836
13.1836
13.1836
13.0005
13.0005
13.1836
13.0005
13.0005
13.0005
13.0005
13.0005
13.0005
13.0005
13.0005
13.0005
13.0005
13.1836
13.1836
13.0005
13.3667
11.7188
11.5357
12.8174
11.1694
11.1694
13.1836
11.7188
13.0005
13.0005
13.1836
13.1836
13.0005
12.4512
13.0005
13.0005
13.0005
14.4653
13.0005
13.0005
12.2681
13.3667
12.2681
14.4653
13.0005
13.1836
13.916
13.0005
13.0005
13.0005
14.4653
14.2822
13.1836
11.3525
11.1694
11.9019
11.3525
11.3525
10.9863
12.4512
11.5357
13.0005
13.5498
12.6343
11.9019
11.5357
13.1836
12.6343
11.3525
13.0005
13.1836
12.2681
13.1836
13.0005
13.0005
11.5357
13.0005
13.1836
13.1836
13.0005
13.1836
13.0005
13.0005
13.0005
13.1836
11.5357
12.2681
13.0005
11.7188
13.7329
13.0005
13.0005
13.0005
13.1836
13.1836
13.1836
13.3667
13.1836
13.1836
13.0005
13.1836
13.0005
13.0005
13.1836
11.3525
13.1836
11.1694
13.0005
13.0005
13.0005
13.3667
13.0005
14.6484
14.6484
13.1836
13.1836
13.1836
13.0005
13.0005
13.0005
13.0005
12.6343
13.0005
14.8315
13.0005
13.0005
13.1836
13.0005
13.0005
14.0991
13.1836
13.0005
13.3667
13.1836
12.4512
11.9019
13.0005
12.2681
12.4512
13.1836
12.8174
11.9019
13.1836
12.6343
13.3667
12.4512
13.1836
12.4512
12.4512
13.1836
11.5357
13.1836
14.2822
13.5498
12.6343
11.7188
11.7188
12.8174
11.1694
10.9863
11.5357
11.5357
10.9863
15.564
14.0991
13.3667
13.1836
12.8174
12.6343
11.9019
11.7188
11.1694
11.7188
13.3667
11.9019
11.1694
12.8174
13.3667
15.7471
11.9019
11.9019
13.5498
13.1836
14.2822
12.8174
13.0005
12.8174
13.0005
13.0005
13.1836
15.1978
14.2822
14.8315
14.8315
13.0005
12.6343
12.8174
14.4653
15.0147
11.9019
13.0005
11.7188
15.0147
13.916
15.0147
13.3667
12.8174
11.3525
11.1694
10.8032
10.9863
12.8174
13.0005
11.1694
13.5498
13.1836
14.8315
14.6484
13.1836
13.0005
13.0005
13.0005
13.1836
13.0005
13.0005
13.1836
14.8315
13.3667
14.6484
12.6343
13.1836
13.0005
12.4512
13.0005
15.0147
14.6484
13.1836
11.7188
13.1836
13.1836
12.8174
13.0005
11.5357
12.4512
13.0005
13.1836
15.0147
12.8174
13.1836
13.0005
11.5357
12.8174
12.8174
13.1836
11.7188
11.9019
11.9019
13.3667
11.9019
11.7188
11.3525
11.3525
11.1694
11.7188
11.1694
14.6484
15.9302
13.7329
14.6484
13.1836
12.8174
11.5357
11.7188
11.3525
11.3525
11.3525
11.9019
11.3525
12.4512
11.7188
12.8174
13.1836
15.564
11.1694
11.3525
12.6343
15.7471
11.9019
14.0991
12.6343
13.5498
13.1836
13.7329
13.1836
12.2681
12.4512
11.5357
12.8174
11.1694
11.3525
11.1694
11.1694
13.916
13.1836
11.1694
11.9019
14.4653
13.0005
15.0147
14.8315
14.8315
14.6484
14.6484
14.8315
14.6484
14.6484
14.8315
14.8315
15.0147
14.8315
14.4653
15.0147
14.6484
14.6484
14.4653
14.6484
14.6484
14.8315
14.8315
14.8315
15.0147
14.4653
14.8315
14.6484
15.0147
15.0147
14.8315
14.6484
14.6484
14.8315
14.8315
14.8315
14.6484
14.8315
13.7329
14.6484
14.8315
14.8315
14.6484
14.8315
14.8315
14.8315
14.6484
14.4653
14.6484
14.8315
14.8315
14.8315
14.8315
14.8315
14.8315
15.0147
14.8315
14.8315
14.8315
12.6343
14.4653
14.8315
14.6484
14.8315
14.6484
14.6484
14.6484
14.6484
14.8315
14.6484
14.4653
14.8315
14.6484
14.6484
14.6484
14.4653
14.6484
13.5498
14.6484
13.3667
14.4653
13.1836
16.8457
14.8315
13.3667
13.3667
12.4512
18.1274
12.8174
12.085
17.7612
11.5357
13.7329
14.4653
12.4512
11.5357
13.1836
14.8315
14.6484
13.7329
13.0005
13.1836
13.1836
13.0005
11.9019
13.0005
11.3525
13.0005
11.3525
13.0005
13.1836
13.0005
13.7329
12.8174
11.3525
14.0991
14.6484
13.0005
12.6343
13.0005
11.5357
13.1836
13.0005
13.1836
13.3667
11.7188
13.3667
13.0005
13.0005
13.0005
13.1836
13.1836
13.1836
13.1836
13.0005
13.1836
13.0005
13.1836
13.0005
13.3667
13.0005
13.0005
13.0005
13.0005
12.2681
13.1836
13.916
13.1836
13.1836
13.0005
13.0005
13.0005
13.0005
11.7188
11.7188
15.3809
11.7188
11.5357
13.0005
13.0005
13.1836
13.0005
13.1836
11.7188
11.7188
12.6343
13.0005
11.7188
13.3667
13.3667
12.4512
13.1836
13.3667
11.9019
13.1836
13.0005
13.0005
13.0005
11.9019
13.0005
13.0005
12.4512
13.0005
13.0005
13.1836
11.9019
13.3667
13.0005
13.0005
14.4653
13.0005
13.0005
11.9019
11.9019
12.8174
13.5498
12.6343
13.916
13.0005
13.1836
13.0005
13.1836
13.0005
13.1836
13.0005
13.0005
13.0005
13.1836
13.1836
11.7188
13.0005
14.0991
11.9019
13.916
13.1836
12.8174
11.3525
11.5357
11.5357
11.3525
13.0005
11.5357
11.1694
11.3525
11.3525
11.7188
11.1694
11.1694
11.1694
11.1694
11.5357
10.9863
10.8032
11.1694
11.1694
11.3525
12.8174
12.085
13.0005
14.6484
12.2681
11.3525
11.7188
11.7188
12.4512
12.4512
13.0005
11.7188
13.0005
11.5357
11.3525
12.8174
11.1694
11.9019
11.1694
11.5357
11.9019
11.1694
11.7188
11.3525
12.6343
11.1694
11.1694
12.085
11.7188
14.4653
13.916
12.4512
12.2681
11.7188
11.7188
12.6343
12.8174
12.6343
14.6484
13.3667
14.8315
14.0991
13.3667
12.8174
11.5357
12.8174
12.085
12.4512
13.7329
11.1694
14.6484
14.8315
13.3667
12.8174
13.3667
11.7188
12.2681
10.9863
11.5357
11.3525
11.1694
17.395
13.0005
14.0991
12.6343
13.0005
13.5498
13.1836
13.0005
11.9019
11.3525
11.5357
13.0005
12.4512
10.9863
11.1694
10.9863
12.085
11.7188
13.3667
13.3667
11.5357
12.4512
11.7188
11.5357
10.9863
11.7188
11.1694
12.8174
12.6343
11.1694
10.9863
11.3525
11.7188
11.9019
13.0005
11.7188
11.1694
11.1694
11.1694
11.3525
12.8174
11.7188
11.9019
11.3525
11.5357
11.1694
12.8174
13.916
11.7188
11.7188
11.1694
12.6343
14.0991
12.8174
13.1836
11.9019
12.4512
13.0005
12.4512
12.4512
13.3667
13.5498
11.9019
12.6343
13.916
11.5357
12.4512
11.7188
13.0005
12.6343
11.7188
11.5357
13.0005
15.564
16.1133
14.6484
14.0991
13.1836
12.085
11.5357
11.7188
11.5357
15.564
19.043
17.395
13.0005
15.9302
13.5498
14.8315
11.7188
14.4653
13.5498
11.5357
12.8174
12.6343
13.5498
13.3667
11.9019
13.1836
16.2964
12.6343
11.3525
11.7188
14.2822
13.3667
12.2681
11.7188
13.3667
13.0005
13.1836
13.0005
13.0005
14.8315