6.95801
6.95801
6.95801
7.14112
6.95801
7.14112
6.7749
6.95801
7.14112
6.95801
6.7749
6.7749
6.7749
6.95801
6.95801
6.77491
6.95801
7.14112
6.95801
7.14112
6.95801
6.95801
6.95801
7.14112
7.14112
6.7749
7.32422
6.77491
6.77491
6.77491
6.4087
6.95801
6.77491
6.95801
6.77491
6.95801
6.77491
6.77491
6.95801
6.7749
7.14112
7.32422
6.7749
7.50733
6.7749
6.7749
6.95801
6.7749
6.77491
6.7749
6.7749
6.7749
6.77491
6.7749
7.14112
6.77491
6.95801
7.14112
6.7749
6.7749
6.7749
6.77491
7.50733
6.95801
7.32422
6.95801
6.7749
7.50733
7.14112
7.32422
6.95801
6.7749
6.95801
6.77491
6.7749
6.7749
6.77491
7.14112
6.77491
6.95801
6.7749
6.7749
6.7749
6.7749
6.95801
6.7749
10.6201
6.95801
7.50733
7.32422
7.32422
7.50733
7.32422
7.50733
7.50733
6.95801
6.59181
6.77491
6.7749
7.50733
7.69044
7.32422
7.32422
7.69044
7.32422
7.50733
7.32422
7.50733
7.50733
7.32422
7.50733
7.50733
7.50733
7.50733
7.32422
7.50733
7.50733
7.50733
7.32422
7.50733
7.50733
7.32422
7.32422
6.7749
7.50733
7.50733
7.32422
7.50733
6.4087
6.4087
6.4087
6.59181
7.32422
8.42286
6.59181
8.23975
7.50733
7.32422
7.50733
7.32422
7.50733
7.32422
7.32422
6.95801
7.50733
6.59181
6.4087
7.14112
6.95801
6.95801
6.95801
6.95801
6.77491
6.77491
6.7749
6.7749
6.59181
6.95801
6.95801
6.7749
6.77491
6.7749
6.95801
6.95801
6.7749
7.32422
7.50733
6.59181
6.95801
7.32422
7.32422
7.50733
7.32422
7.87354
7.32422
7.50733
6.77491
6.95801
6.95801
6.95801
6.77491
6.77491
6.95801
7.14112
8.05664
6.95801
7.14112
6.95801
6.95801
6.95801
6.77491
6.7749
7.14112
7.32422
7.14112
7.14112
6.95801
6.77491
6.95801
6.95801
6.95801
6.77491
7.32422
6.95801
6.77491
6.4087
6.77491
6.7749
6.95801
7.14112
6.95801
6.77491
6.7749
7.14112
6.95801
6.95801
6.77491
6.95801
6.7749
7.14112
6.7749
6.95801
7.32422
7.32422
7.69044
6.95801
7.14112
6.95801
6.95801
6.7749
6.95801
6.95801
6.95801
7.14112
7.14112
7.14112
6.95801
6.95801
6.95801
6.95801
6.95801
6.7749
6.7749
6.7749
6.7749
6.7749
6.7749
6.77491
6.7749
6.7749
6.4087
6.95801
7.14112
6.95801
6.95801
7.14112
6.77491
6.95801
6.7749
6.7749
6.7749
6.7749
6.7749
6.95801
7.32422
6.7749
6.7749
6.95801
6.95801
7.14112
6.95801
7.14112
6.77491
7.14112
6.7749
6.95801
7.14112
7.14112
6.95801
7.32422
6.7749
7.14112
6.95801
7.32422
6.77491
6.95801
7.14112
7.14112
7.32422
6.95801
6.77491
6.7749
6.7749
6.95801
6.95801
6.7749
6.7749
6.95801
7.14112
7.14112
6.95801
6.95801
6.95801
6.95801
6.77491
7.14112
7.32422
6.95801
6.95801
6.95801
6.7749
7.32422
6.77491
6.7749
6.7749
7.50733
7.50733
7.50733
7.50733
7.50733
7.50733
6.95801
6.59181
6.7749
7.14112
7.14112
7.32422
7.32422
7.50733
7.32422
7.32422
7.32422
7.32422
7.32422
7.50733
7.50733
7.32422
7.32422
7.32422
7.87354
7.50733
7.32422
7.32422