46.40
4.63
7.79
7.01
5.08
4.80
5.63
4.50
5.22
4.57
4.65
4.50
4.96
4.64
4.57
4.57
4.64
4.61
4.52
4.56
4.64
4.71
4.55
5.25
5.14
5.34
4.85
4.91
4.71
4.75
4.53
5.43
5.52
5.33
4.90
5.54
4.74
4.69
5.54
5.01
4.94
7.14
5.43
5.34
5.43
5.78
6.15
6.86
4.82
5.16
5.63
5.82
5.87
6.83
4.82
5.10
5.88
5.30
6.94
5.43
5.03
5.20
6.21
5.77
5.04
5.87
4.63
6.90
5.70
4.61
6.39
5.32
6.81
5.50
6.03
6.71
5.94
5.33
6.17
4.91
5.24
6.92
5.48
5.08
4.65
5.33
5.05
5.25
5.68
4.57
5.20
4.96
6.51
5.17
4.92
5.14
5.20
4.53
4.54
5.06
4.55
4.42
4.54
4.97
4.53
4.94
5.01
4.48
4.47
4.48
5.03
4.47
4.70
4.41
4.93
4.51
4.42
5.03
4.45
4.38
4.57
5.01
4.42
4.55
4.99
4.51
4.37
4.59
4.88
4.43
4.87
5.03
4.47
4.46
4.42
5.01
4.59
5.19
5.11
5.13
4.75
5.22
5.03
4.66
4.44
5.17
4.48
4.57
4.58
5.07
4.45
4.64
4.99
4.75
4.55
4.61
5.03
4.59
4.99
5.15
4.48
4.52
4.58
5.07
4.60
4.99
5.09
4.54
4.54
4.76
5.04
4.57
4.97
5.18
4.69
4.62
4.60
4.94
4.48
4.60
5.01
4.64
4.54
4.59
4.97
4.55
4.49
5.10
4.48
4.57
4.69
5.12
4.54
4.89
5.06
4.77
4.62
4.63
4.96
4.46
4.84
5.13
4.49
4.49
4.47
5.02
4.47
4.93
4.54
4.50
4.40
4.57
4.99
4.76
4.51
4.52
5.03
4.64
4.47
5.08
4.49
4.60
4.51
4.98
4.43
4.50
5.02
4.66
4.95
4.61
4.93
4.50
4.54
5.07
4.51
4.49
4.55
5.07
4.48
5.07
4.55
5.12
4.54
4.62
4.98
4.55
5.05
5.10
4.67
4.55
4.59
4.97
4.41
4.97
4.99
4.73
5.00
4.86
5.05
4.59
4.61
5.15
4.41
4.50
4.68
4.99
4.48
4.86
5.04
4.54
4.40
4.51
4.88
4.41
4.42
4.56
4.91
4.44
4.45
4.96
4.64
5.00
5.16
5.07
4.43
4.56
5.03
4.63
4.46
4.50
5.03
4.64
4.50
5.07
4.48
4.52
4.56
4.99
4.38
4.49
4.97
4.45
4.40
4.48
4.99
4.44
4.45
4.51
4.89
4.41
4.40
4.97
4.48
4.46
4.43
4.91
4.37
4.49
4.53
5.34
5.46
5.17
4.98
4.53
4.96
5.11
4.52
4.52
4.66
4.98
4.46
4.52
5.02
4.76
4.56
4.65
4.94
4.43
4.63
5.07
4.45
4.44
4.40
5.04
4.49
4.45
4.53
4.55
4.34
4.64
5.05
4.62
4.47
5.08
5.10
4.83
4.86
5.45
4.55
4.51
4.60
5.05
4.56
4.57
4.99
4.54
4.98
4.61
4.97
4.45
4.54
5.06
4.54
4.53
4.52
4.89
4.44
4.53
5.11
5.04
4.40
4.53
5.01
4.44
4.93
5.05
4.48
4.48
4.46
5.03
4.46
4.47
5.62
4.60
4.46
4.50
5.02
4.52
4.42
4.63
4.94
4.45
4.43
5.01
4.48
4.61
4.59
4.93
4.50
4.51
4.94
4.62
4.42
4.64
5.01
4.54
4.92
4.52
5.48
4.95
5.19
5.09
4.52
4.46
5.03
4.58
4.43
4.59
4.88
4.49
4.72
5.06
4.70
4.95
5.04
5.22
4.70
5.39
5.41
4.66
5.18
5.44
4.65
4.55
4.61
5.03
4.47
4.59
4.97
4.49
5.00
4.81
5.03
4.58
4.49
5.07
4.66
4.46
5.10
5.23
4.60
4.83
5.78
4.74
4.56
4.73
5.02
4.69
4.68
5.16
4.58
5.12
5.07
4.69
4.48
4.78
5.14
4.59
4.84
5.16
4.55
4.57
4.62
5.12
4.53
4.62
5.06
4.51
4.54
4.77
5.17
4.71
4.66
5.29
4.71
4.54
4.60
4.99
4.47
4.57
5.09
4.64
4.50
4.56
5.06
4.59
4.64
5.09
4.79
4.73
4.77
5.14
4.53
4.60
5.13
4.79
4.59
4.56
4.96
4.48
4.71
5.12
4.52
4.57
4.54
5.11
4.52
5.58
5.61
4.84
4.61
4.76
5.01
4.64
4.53
5.17
4.59
4.51
4.49
4.95
4.67
4.56
5.05
4.55
4.49
4.60
4.95
4.58
4.53
5.09
4.50
4.53
4.65
5.11
4.59
4.58
5.07
4.68
4.61
4.71
4.59
4.45
5.03
5.16
4.55
4.52
4.99
5.11
4.62
4.68
5.03
4.55
4.40
4.54
5.00
4.51
4.97
5.01
4.55
5.01
4.63
4.95
4.41
4.69
6.79
4.53
4.94
4.55
4.88
4.46
4.47
5.01
4.54
4.50
4.55
5.00
4.50
4.56
5.71
4.63
4.87
5.18
5.16
4.84
5.50
5.14
4.47
4.56
4.98
4.46
4.39
4.47
4.98
4.61
5.12
5.31
4.75
4.56
5.08
5.07
4.37
4.63
5.10
4.60
4.38
4.56
4.91
4.43
4.41
5.01
4.49
4.43
4.67
4.99
4.51
4.47
4.48
5.08
4.53
4.46
5.02
4.50
4.36
4.71
4.51
4.48
4.84
5.17
4.64
4.53
4.58
5.01
4.40
4.86
5.01
4.55
4.42
4.61
5.04
4.67
4.92
5.05
4.59
5.04
4.78
5.06
4.39
4.47
5.05
4.57
4.46
4.52
4.96
4.44
4.48
4.63
5.00
4.56
4.45
4.98
4.56
4.53
5.45
4.61
4.34
4.54
5.05
4.54
4.41
5.12
4.95
4.52
4.40
5.02
4.46
4.43
4.59
5.00
4.40
5.01
5.00
4.54
5.02
4.58
4.93
4.46
4.74
5.02
4.57
4.44
4.49
5.05
4.67
4.99
5.07
4.46
4.34
4.56
5.18
4.66
4.91
4.61
4.50
4.87
4.77
5.16
4.44
5.04
5.08
4.55
4.45
4.46
4.98
4.49
4.41
4.61
4.98
4.46
4.42
5.03
4.51
4.42
4.48
5.05
4.59
4.78
5.01
4.51
4.44
4.58
5.03
4.57
4.94
5.10
4.55
4.57
4.72
5.02
4.96
5.09
5.36
5.10
4.97
5.04
5.34
5.00
5.71
5.16
5.43
5.65
5.62
5.37
5.22
5.41
4.97
4.96
6.46
5.04
5.16
4.56
5.07
5.35
5.48
5.14
4.96
5.09
5.43
5.22
5.20
5.39
5.51
5.22
5.51
5.09
5.01
5.52
4.65
5.34
5.53
5.07
4.91
5.04
5.58
5.53
5.70
4.59
5.42
5.62
5.04
5.17
5.02
5.47
4.99
5.14
5.44
5.01
4.93
5.46
5.07
5.09
5.16
5.44
4.89
5.04
5.49
5.08
5.24
5.40
4.95
5.27
5.45
5.65
5.09
5.56
5.00
5.05
5.09
5.44
4.93
5.04
5.84
5.01
5.11
5.51
4.92
5.09
5.50
4.92
5.34
5.49
5.01
5.11
5.08
5.42
4.90
4.73
5.49
5.62
5.58
5.35
5.34
6.54
5.13
5.23
6.27
5.24
6.10
5.65
4.94
5.54
5.33
5.62
5.10
5.08
5.46
5.14
5.25
5.45
5.18
5.28
5.52
4.91
4.86
5.14
4.43
4.91
4.88
5.35
5.10
6.12
5.32
4.59
5.56
4.92
5.12
5.82
5.47
5.64
5.03
5.30
5.07
4.91
4.98
5.42
5.22
5.02
5.39
4.99
5.21
5.36
5.03
4.92
5.28
5.48
5.21
5.05
5.34
4.81
4.79
5.46
4.99
5.14
5.42
4.86
4.93
5.15
5.30
5.44
5.65
5.54
5.02
5.36
5.12
4.90
4.89
5.37
5.07
5.31
5.39
4.95
4.77
5.04
5.08
4.95
4.98
5.37
4.86
5.10
5.27
4.90
4.80
5.42
5.05
4.82
5.07
5.40
4.88
5.06
5.43
4.89
5.14
5.36
4.99
5.01
5.01
5.39
4.86
4.96
5.90
4.94
5.03
5.49
4.85
5.02
5.33
5.01
4.96
4.96
5.29
5.01
5.21
5.34
4.93
5.33
4.96
5.09
5.08
5.45
5.02
4.93
5.47
5.62
5.05
5.12
5.34
4.97
5.00
5.36
4.85
5.03
5.41
4.98
5.26
5.50
4.97
4.89
5.06
5.38
4.89
4.95
5.49
4.95
4.91
5.35
5.05
4.93
5.39
5.10
4.90
5.00
5.36
5.05
5.12
5.37
4.97
5.01
5.34
5.04
5.48
5.29
4.87
4.86
5.22
5.35
5.37
5.12
5.30
5.01
5.03
5.42
4.89
5.15
5.41
4.97
4.85
4.98
5.11
4.88
5.12
5.36
4.98
4.99
5.40
4.94
5.15
5.29
4.43
5.10
5.00
5.37
4.93
5.01
5.41
4.94
5.08
5.42
4.93
4.87
5.00
5.40
5.25
5.26
5.45
4.99
5.09
5.58
5.01
5.06
5.48
4.97
5.26
6.21
5.14
4.97
5.50
5.08
5.00
4.97
5.07
4.81
4.95
5.42
4.93
4.96
5.37
4.97
5.62
5.34
5.05
4.95
5.01
5.42
4.94
4.98
5.42
4.95
5.02
5.36
5.09
5.37
5.45
4.99
5.02
5.10
5.37
5.01
5.05
5.48
5.03
5.12
5.44
5.02
5.16
5.38
5.13
5.37
5.46
5.10
5.12
5.23
5.09
4.94
5.06
5.49
5.35
6.46
5.51
5.53
5.70
5.55
5.92
5.23
5.48
4.95
5.15
5.41
4.97
4.95
5.42
5.01
5.33
5.33
4.98
5.03
5.19
5.13
5.01
5.12
5.43
4.96
5.24
5.46
4.96
5.27
5.65
5.25
5.71
5.04
4.63
5.39
6.05
4.62
5.43
5.59
5.61
5.43
5.53
5.13
4.90
5.02
5.42
4.99
4.47
5.43
4.87
4.81
4.97
5.30
5.39
5.04
5.36
4.91
5.00
5.45
5.37
5.03
5.42
4.95
4.89
5.43
5.40
4.87
4.98
5.42
4.86
5.31
6.14
4.90
5.05
5.45
4.95
5.03
5.46
5.04
5.40
5.47
5.00
4.92
5.11
5.33
4.87
4.97
5.41
4.93
5.52
5.38
4.97
5.25
5.31
5.11
4.91
4.97
5.25
4.94
4.94
5.44
5.00
4.95
5.33
4.82
4.95
5.51
5.04
4.89
5.05
5.42
4.93
4.97
5.49
4.87
4.89
5.38
4.44
4.96
4.45
5.27
5.13
4.96
5.39
5.02
4.97
5.30
5.02
5.47
5.44
4.95
4.90
5.23
5.36
4.93
5.05
5.40
5.33
5.05
5.40
4.91
5.29
5.46
4.55
4.87
4.98
5.40
4.83
4.97
5.44
5.03
4.96
5.30
5.35
5.32
5.42
5.01
5.34
5.08
5.06
4.89
4.91
5.40
5.08
5.13
5.35
5.03
5.23
5.27
5.28
5.32
5.41
4.97
5.07
5.08
5.41
5.10
4.95
5.38
4.95
5.07
5.47
5.02
5.42
5.41
5.13
4.95
5.02
5.37
4.89
4.91
5.42
4.94
4.84
5.34
4.96
5.19
5.35
5.06
4.86
5.24
5.35
4.98
5.15
4.35
4.91
5.23
5.58
4.58
5.14
5.20
5.32
5.08
5.02
5.48
5.73
5.87
6.02
5.39
5.52
5.65
5.34
5.10
5.67
5.37
5.66
5.97
4.95
5.28
5.44
5.12
5.06
4.49
5.11
5.36
5.51
5.00
4.82
5.16
4.56
5.07
4.99
5.49
5.10
5.08
5.47
5.01
5.36
5.57
5.07
5.02
5.15
5.40
5.19
5.22
5.33
5.05
5.14
5.48
4.98
5.16
5.35
5.04
5.44
5.50
5.09
5.03
5.07
5.38
4.97
5.16
5.40
5.00
5.02
5.49
4.98
5.20
5.69
5.09
5.73
5.58
5.38
5.58
5.47
5.05
5.24
5.41
5.16
5.08
5.23
5.43
5.04
4.63
5.47
5.00
4.93
5.36
5.08
5.37
5.45
4.92
4.85
5.13
4.98
5.10
5.05
5.55
5.04
5.16
4.46
5.03
4.98
5.34
5.32
4.88
4.88
5.32
4.95
5.05
5.49
5.07
5.13
5.43
5.21
5.28
5.44
5.06
4.88
5.02
5.33
4.98
4.98
5.36
4.85
5.02
5.39
4.91
5.17
5.28
4.94
4.95
4.89
5.30
4.82
4.86
6.43
4.65
4.49
5.47
5.48
5.39
5.37
5.41
5.32
5.28
5.47
5.52
5.42
5.24
4.74
4.61
5.03
5.38
5.17
5.35
5.02
4.92
5.21
4.94
4.82
4.96
4.38
4.99
5.01
5.27
4.88
4.84
5.65
4.93
4.84
4.94
5.30
4.94
5.24
6.07
5.51
5.43
5.96
5.77
5.78
5.45
5.43
5.31
5.68
5.96
5.55
5.53
4.85
4.93
5.39
4.53
5.29
5.29
5.03
5.05
4.89
5.29
4.95
5.03
5.99
4.80
5.55
5.50
5.41
5.11
5.03
5.19
5.56
5.55
5.06
5.30
5.39
5.13
5.79
5.81
5.23
4.99
5.65
5.46
5.14
4.94
5.33
4.88
4.76
5.28
5.16
5.26
5.41
4.92
4.98
5.38
5.25
5.04
5.08
5.52
5.54
5.67
5.88
5.33
5.60
4.54
4.91
5.12
5.41
4.99
4.92
5.35
5.10
5.43
6.38
4.68
5.35
5.53
5.05
5.01
5.46
5.31
5.00
5.13
5.35
4.95
5.35
5.44
5.34
5.08
5.36
4.92
5.47
5.41
4.97
4.88
4.96
5.45
4.94
5.13
5.41
4.91
5.09
5.71
5.06
5.33
5.42
4.99
4.86
5.21
5.26
4.85
4.93
5.32
5.07
5.30
4.48
4.99
4.83
5.06
5.26
5.05
5.26
5.39
4.95
4.95
5.38
4.97
5.29
5.44
4.95
5.39
5.50
5.12
5.56
5.45
5.12
5.02
5.06
5.55
5.05
5.34
5.40
5.04
4.99
5.55
5.14
5.18
5.46
5.22
5.38
5.64
5.54
5.01
5.15
4.66
5.41
6.01
4.98
5.55
5.66
5.62
5.01
5.51
5.14
4.90
4.88
5.23
5.07
5.21
5.31
4.95
4.90
4.95
5.22
5.19
5.01
5.35
5.01
5.12
5.26
4.94
5.08
5.31
5.16
4.87
4.85
5.43
4.97
5.10
5.49
4.94
4.94
5.44
5.11
5.43
5.46
5.07
4.89
5.03
5.34
4.98
5.02
5.42
4.88
5.20
4.48
5.08
4.97
5.45
5.16
5.18
5.17
5.36
4.98
5.20
5.89
5.12
5.07
5.43
4.98
5.08
5.35
5.04
5.40
5.47
5.02
5.03
5.15
5.39
4.94
5.15
5.34
5.07
5.46
5.49
4.99
5.20
5.47
5.01
5.33
5.45
5.05
5.14
5.22
5.35
4.94
5.56
4.55
5.55
5.72
5.53
5.04
5.23
4.53
5.06
5.33
5.40
5.09
5.37
5.44
5.01
4.87
5.02
5.40
5.08
5.03
5.54
4.96
4.95
5.36
5.14
4.90
5.47
5.05
5.04
4.94
5.42
4.96
4.96
5.90
5.12
4.96
5.52
5.02
5.18
5.38
5.05
4.85
5.21
5.15
5.05
5.22
5.31
4.89
5.08
5.46
5.28
4.99
5.47
4.96
5.07
5.47
5.07
4.84
4.97
5.35
5.22
4.99
5.47
5.24
5.44
4.95
5.55
5.16
5.58
5.00
4.99
5.36
4.52
4.92
4.88
5.33
4.96
4.86
5.30
4.99
5.29
5.31
5.06
4.91
5.04
5.09
4.93
5.33
5.02
4.99
5.06
5.40
5.08
5.24
5.42
4.90
4.95
5.22
5.35
5.01
4.89
5.44
4.97
4.93
5.39
5.01
4.79
4.91
4.95
4.96
4.80
5.38
4.82
5.00
5.55
4.99
5.77
5.16
4.58
5.13
5.15
5.40
5.01
5.03
5.39
4.87
4.96
5.35
4.87
4.93
5.28
4.95
4.95
5.37
5.45
4.89
5.00
5.40
4.85
5.49
5.33
4.96
5.18
5.39
4.43
4.54
5.14
5.35
4.97
4.99
5.36
4.42
4.89
5.37
4.97
4.75
5.29
5.36
4.91
4.90
5.44
5.14
4.98
5.42
5.10
4.93
5.40
5.08
4.91
5.01
5.37
5.45
5.82
5.57
4.97
5.46
5.49
4.99
5.08
5.42
5.09
5.53
5.52
5.15
5.38
5.47
5.07
5.51
5.41
5.09
4.94
4.95
5.49
5.21
5.23
5.41
5.01
4.91
5.53
5.12
5.27
5.50
5.06
4.92
5.27
5.34
4.96
5.01
5.41
5.17
5.22
5.92
5.21
5.03
5.50
5.01
5.15
5.70
5.27
4.96
5.83
5.29
5.99
5.29
5.25
5.93
5.25
5.23
5.51
5.21
5.22
5.31
5.82
