200.317
228.516
226.685
226.318
225.403
184.937
228.516
225.769
227.6
227.783
227.6
188.232
225.22
227.234
226.685
224.304
225.769
227.6
225.403
225.586
225.403
227.051
184.021
211.304
229.248
187.134
229.98
226.685
228.333
224.304
225.403
184.753
224.121
223.755
188.599
224.304
223.022
223.572
223.389
223.938
224.67
224.487
182.19
225.586
187.317
223.206
185.303
225.037
223.206
221.191
223.572
224.854
223.022
223.206
223.389
223.572
228.333
226.685
222.107
185.12
225.22
225.586
220.276
222.473
220.642
223.755
227.051
221.558
223.022
222.107
220.825
221.375
183.289
225.769
224.304
224.854
222.839
223.022
223.755
221.924
182.19
227.783
183.289
225.22
185.12
221.191
224.487
227.051
223.022
226.685
227.6
225.037
186.584
222.839
222.656
221.008
222.107
220.825
225.403
223.755
222.656
222.29
226.318
223.022
223.572
220.825
223.938
227.051
224.67
186.218
225.952
226.501
223.938
224.854
225.586
224.304
225.403
223.389
222.839
220.825
226.318
223.206
223.755
223.022
222.656
224.121
222.107
224.854
222.473
222.107
222.473
220.642
220.825
224.121
223.389
221.924
221.191
225.403
225.22
227.966
225.22
222.839
224.487
223.389
224.121
182.739
224.487
224.304
221.924
224.487
224.304
225.22
222.656
219.177
222.107
223.755
223.206
223.206
225.037
222.839
222.473
219.177
221.375
222.656
220.825
221.558
222.473
224.487
221.191
219.543
223.022
222.656
221.008
227.417
225.037
225.952
224.67
225.22
189.514
226.135
230.347
197.937
227.6
226.685
197.754
276.306
235.474
194.092
217.346
200.317
223.755
224.854
192.261
198.853
191.528
192.261
223.022
223.389
222.473
194.092
233.643
191.162
235.84
186.768
184.753
191.528
224.854
181.274
184.204
228.516
234.375
196.289
231.079
210.938
207.825
223.938
188.232
192.261
200.134
226.318
226.685
223.572
225.403
218.811
227.6
235.657
205.261
224.67
218.811
225.952
228.149
209.106
200.867
226.135
186.768
229.248
229.065
221.008
183.838
222.839
184.387
225.769
224.487
222.29
224.121
221.558
224.121
224.121
221.191
223.938
223.022
221.741
223.572
222.839
182.373
233.093
195.74
227.051
226.501
222.839
223.572
221.191
225.769
223.022
222.656
223.022
184.021
225.952
223.022
222.839
226.318
184.937
219.543
218.994
224.487
219.91
223.022
221.558
224.121
220.642
196.106
222.29
223.572
182.556
222.29
222.473
225.769
222.29
221.008
221.375
220.825
222.473
180.542
222.29
227.966
226.318
224.304
220.459
221.375
224.487
182.922
220.093
223.022
224.67
221.375
224.487
221.558
227.417
219.543
223.022
225.586
226.135
224.304
223.389
222.656
224.121
226.318
223.206
224.121
227.051
224.487
220.642
221.741
220.093
226.135
222.839
221.008
203.796
225.403
186.584
230.164
223.389
182.922
226.868
179.626
219.36
223.206
221.924
227.417
225.22
221.008
228.333
183.289
223.206
223.938
222.473
227.234
222.473
225.403
223.389
227.6
223.022
220.276
220.276
184.021
186.951
225.22
224.304
181.641
222.29
222.656
223.938
188.232
226.685
223.938
188.965
223.572
224.487
229.248
183.105
223.938
182.922
224.121
223.022
225.769
231.445
225.403
222.656
220.276
228.149
226.501
227.051
223.572
181.641
231.262
223.572
223.206
222.656
223.022
223.572
220.459
223.206
223.755
222.839
222.839
182.556
227.234
223.938
225.769
226.501
220.459
224.487
220.276
224.854
222.839
224.854
227.783
224.67
183.105
224.854
222.473
221.924
218.628
221.558
219.91
220.276
180.359
180.725
224.487
225.403
225.952
224.67
223.572
225.22
223.755
220.642
184.204
226.318
225.586
179.443
222.29
225.037
222.29
221.375
224.304
182.373
224.487
221.924
220.093
183.289
225.22
222.29
224.487
229.248
225.586
185.486
221.375
220.459
223.389
221.924
220.276
177.795
222.656
220.276
181.091
224.487
221.741
221.558
216.98
219.727
220.276
224.67
223.206
224.67
222.29
218.445
221.191
183.655
224.121
225.403
223.206
223.572
218.811
221.741
225.769
184.753
223.755
183.655
227.051
223.938
223.206
221.741
226.501
180.359
180.542
223.022
224.487
223.938
225.403
184.937
224.487
221.008
221.008
221.008
217.163
221.924
221.008
221.741
225.403
225.952
224.67
225.22
221.924
225.037
225.586
225.037
224.854
224.854
218.994
221.741
223.206
186.035
223.206
219.91
222.473
224.854
219.543
220.459
220.642
216.431
224.121
222.29
221.924
224.121
223.022
222.839
222.473
222.656
221.008
227.966
229.431
223.206
219.91
223.755
216.431
191.345
198.853
217.346
221.924
221.008
224.487
218.811
221.741
221.924
220.459
219.177
218.262
221.924
224.487
218.445
221.375
220.459
221.924
217.896
220.276
212.585
188.599
213.135
192.078
188.599
224.121
225.952
181.274
224.854
217.896
219.727
215.881
179.993
219.543
218.445
217.896
219.91
198.303
223.572
224.487
221.375
223.938
224.487
221.741
184.021
227.417
226.685
184.753
224.121
221.375
222.473
224.854
236.755
223.938
223.755
223.389
222.107
223.206
179.993
220.093
223.938
223.938
222.473
223.022
224.67
223.572
221.558
217.163
222.107
223.022
224.854
220.825
221.191
223.022
221.924
223.938
222.107
224.121
222.107
226.135
222.29
224.304
222.473
219.36
222.656
220.642
222.656
221.924
222.107
223.938
225.586
220.825
224.304
221.741
222.656
223.755
223.022
225.22
225.952
183.289
222.29
223.572
222.29
220.276
222.839
220.825
222.839
222.29
220.276
224.304
184.57
222.29
222.473
222.839
181.641
223.572
224.67
224.121
226.685
225.22
224.854
222.839
223.206
222.656
221.375
219.177
222.473
224.854
224.304
223.022
223.755
220.459
224.121
223.938
227.417
222.839
228.699
225.037
224.67
224.67
223.572
219.91
217.163
223.938
221.191
225.403
224.304
226.501
224.67
223.938
223.572
225.22
222.29
222.473
227.234
224.304
237.488
223.572
223.572
224.304
182.739
222.29
224.67
224.487
226.135
184.753
222.107
223.755
225.586
221.741
222.656
221.924
222.839
220.825
223.022
182.922
223.389
221.558
224.121
222.29
221.924
218.628
221.008
223.389
223.389
220.642
224.854
184.937
224.487
221.924
224.304
220.459
220.276
221.924
222.656
223.938
222.656
182.739
218.445
225.952
225.769
222.107
219.543
197.571
190.613
221.191
218.994
221.924
221.375
225.22
225.952
225.586
223.206
223.389
222.473
224.121
219.36
223.389
219.36
220.093
223.938
224.487
222.29
221.558
221.008
219.543
222.839
218.262
224.121
218.811
220.276
217.346
222.656
218.628
221.924
221.741
222.656
221.924
221.375
181.458
225.403
221.191
221.924
221.924
223.938
211.121
191.528
217.346
225.586
222.29
229.065
222.473
225.037
218.445
224.854
226.868
222.473
223.755
222.656
221.741
223.206
224.854
222.839
222.473
220.459
222.473
215.881
215.698
220.642
221.191
182.739
220.459
221.741
220.093
218.628
218.628
221.375
220.276
222.29
218.811
222.656
223.206
221.375
217.163
221.924
219.543
223.022
224.854
221.558
220.642
218.811
218.262
222.656
186.035
221.191
222.107
222.107
221.375
225.037
222.29
224.304
223.022
223.755
222.656
221.741
223.572
219.543
222.839
223.389
221.924
222.656
225.403
223.572
217.896
222.473
219.91
221.924
222.29
224.854
220.276
221.375
223.206
221.191
221.924
221.008
220.642
218.994
222.473
218.811
221.191
220.459
221.008
219.177
225.22
218.994
222.29
224.67
222.107
221.558
223.755
224.304
221.191
220.642
219.177
220.642
181.824
218.994
219.36
216.431
223.755
214.233
216.431
218.079
219.91
221.741
224.121
223.755
221.191
222.473
221.558
219.91
219.543
221.741
218.994
219.36
203.979
203.796
204.346
208.008
201.965
193.176
216.98
223.389
221.924
216.431
222.473
222.839
219.727
218.079
221.741
219.36
218.628
222.29
221.191
218.811
217.712
215.332
199.402
203.247
198.853
200.684
222.839
222.656
216.614
220.276
221.191
223.206
220.459
218.262
218.079
218.079
217.529
217.529
219.543
218.079
217.712
218.811
216.98
217.529
219.177
219.36
221.558
217.712
220.276
220.093
218.811
229.98
203.43
193.726
217.712
221.375
221.375
221.924
221.558
220.093
220.825
219.177
218.628
214.966
219.177
195.557
208.008
217.896
218.994
223.572
223.938
223.206
221.191
218.811
223.022
220.825
220.459
221.558
221.558
221.924
220.459
222.839
221.375
221.191
222.839
222.107
222.29
223.755
218.628
217.346
221.375
220.459
216.797
203.064
194.824
221.558
218.994
223.938
221.741
181.641