95.7642
96.4966
92.1021
93.75
91.7358
101.44
91.1865
93.0176
93.5669
92.4683
93.75
95.5811
99.2432
96.6797
97.229
98.1445
95.2148
94.2993
92.1021
95.5811
90.4541
92.4683
90.4541
92.8345
92.4683
91.1865
98.877
104.187
103.271
87.7075
87.7075
104.553
106.384
103.821
104.37
100.525
96.6797
99.0601
97.0459
96.6797
99.9756
99.7925
97.229
95.2148
96.4966
99.6094
96.4966
97.4121
99.2432
95.5811
101.99
96.8628
99.6094
100.159
98.1445
97.4121
92.4683
95.9473
99.9756
99.6094
96.4966
103.271
97.5952
92.4683
92.2852
110.962
90.8203
93.3838
92.8345
94.2993
92.1021
92.1021
92.1021
92.4683
91.1865
92.2852
91.9189
91.9189
92.1021
94.2993
92.1021
94.6655
89.5386
89.9048
95.0317
99.9756
97.229
96.6797
93.9331
97.229
99.6094
101.44
95.7642
87.7075
98.877
100.708
96.6797
98.1445
102.905
98.3276
97.7783
102.722
105.103
104.919
86.6089
103.638
94.2993
97.229
97.7783
101.807
96.1304
102.539
97.4121
98.3276
81.4819
104.919
100.159
101.074
99.9756
99.2432
97.229
98.5107
99.4263
103.088
98.5107
101.257
97.4121
101.99
99.4263
100.525
95.3979
101.257
98.1445
99.6094
95.7642
100.708
96.1304
92.2852
91.9189
94.4824
90.0879
93.2007
93.3838
95.7642
95.5811
84.0454
100.159
98.1445
99.7925
101.99
99.0601
100.525
99.0601
99.7925
99.9756
99.4263
97.0459
82.5806
96.3135
100.891
98.5107
100.525
98.5107
99.6094
97.9614
100.342
99.2432
98.5107
101.807
96.6797
100.342
103.271
104.004
98.3276
104.37
97.229
93.0176
90.4541
93.2007
93.5669
93.2007
109.68
92.2852
84.7778
85.6934
99.7925
89.5386
107.849
92.1021
92.4683
95.0317
98.3276
102.905
105.835
98.1445
99.6094
95.5811
103.088
83.6792
88.4399
108.032
102.173
99.4263
101.624
85.6934
99.0601
99.0601
83.8623
105.286
97.4121
106.75
105.835
104.919
108.032
100.342
100.342
97.7783
100.708
96.8628
99.0601
96.8628
99.7925
98.5107
102.356
94.1162
101.257
100.891
100.159
96.6797
99.2432
100.159
101.257
99.2432
97.9614
99.7925
99.9756
102.905
98.1445
101.257
101.624
99.0601
101.257
101.074
104.187
86.2427
86.6089
101.624
98.877
95.5811
95.9473
96.6797
84.7778
103.638
84.5947
104.919
101.624
98.877
100.891
97.0459
96.8628
95.9473
98.5107
99.9756
102.356
96.6797
99.2432
96.1304
92.8345
99.6094
102.539
98.1445
101.074
94.1162
99.2432
97.7783
100.525
97.229
98.3276
97.7783
98.3276
98.1445
97.4121
98.877
99.9756
95.2148
99.0601
96.1304
104.187
105.103
88.4399
86.6089
106.384
86.2427
105.835
100.891
100.342
102.539
98.6938
95.7642
99.7925
83.4961
107.483
104.553
102.356
98.877
99.6094
99.6094
97.9614
98.6938
100.159
99.6094
100.891
99.9756
99.6094
97.9614
100.525
96.4966
98.6938
100.891
95.9473
98.1445
98.877
99.9756
102.356
102.722
101.074
100.342
99.2432
99.9756
102.173
87.3413
83.4961
103.455
107.3
104.187
107.117
100.525
100.525
99.7925
96.8628
100.159
102.356
97.229
100.342
101.807
104.919
101.624
86.4258
102.539
97.5952
99.2432
101.44
98.5107
97.0459
98.877
97.4121
96.6797
98.5107
95.9473
98.877
96.1304
98.6938
95.5811
99.9756
98.5107
97.4121
95.7642
99.0601
97.5952
99.7925
102.722
99.4263
101.99
103.271
100.342
102.356
95.7642
96.8628
98.877
83.4961
90.0879
108.215
85.5103
101.44
101.257
97.4121
107.666
101.074
97.229
96.8628
97.4121
101.074
82.7637
106.567
100.708
96.1304
97.0459
97.5952
97.5952
99.7925
97.7783
83.1299
105.835
100.708
100.525
95.9473
95.9473
101.99
101.44
86.2427
100.891
81.1157
97.4121
98.5107
97.4121
96.3135
93.75
98.1445
94.1162
99.0601
97.5952
99.7925
97.0459
99.2432
98.3276
94.6655
97.7783
99.4263
97.229
98.877
98.5107
98.6938
97.229
99.2432
99.0601
82.5806
97.5952
100.342
102.356
82.7637
85.6934
86.4258
104.553
101.257
96.8628
100.891
97.229
99.9756
97.0459
100.708
97.7783
100.525
96.3135
97.4121
97.0459
97.4121
96.8628
97.0459
99.0601
106.934
100.891
99.4263
101.074
100.159
99.4263
100.525
98.6938
100.891
95.3979
84.5947
97.0459
97.9614
95.0317
97.0459
95.5811
101.44
102.905
101.624
102.905
100.525
102.356
103.088
99.0601
97.229
99.6094
93.3838
99.2432
110.046
98.6938
102.356
99.9756
98.6938
97.229
96.8628
99.4263
98.6938
81.2988
102.722
100.159
105.652
104.187
85.3271
99.6094
98.877
96.8628
94.6655
97.0459
96.8628
93.5669
94.6655
95.5811
94.8486
96.3135
97.7783
95.5811
97.4121
93.5669
94.4824
93.2007
99.2432
94.2993
99.4263
98.3276
98.1445
95.5811
98.5107
99.6094
97.4121
98.5107
97.0459
98.3276
100.159
95.5811
102.722
101.074
97.4121
85.3271
99.7925
98.6938
97.4121
95.3979
94.8486
99.4263
97.7783
98.1445
97.0459
98.6938
86.6089
103.638
97.5952
100.342
86.2427
90.0879
98.6938
95.2148
97.5952
96.3135
99.9756
102.173
96.1304
99.9756
101.44
95.9473
99.4263
98.1445
101.257
96.1304
96.3135
96.4966
99.0601
98.1445
98.1445
97.7783
101.257
97.5952
99.6094
98.1445
96.3135
95.9473
97.0459
100.708
99.7925
86.0596
93.0176
99.4263
99.4263
87.3413
85.144
99.2432
100.708
100.708
100.708
88.623
89.9048
87.7075
102.539
99.0601
83.4961
100.159
105.286
103.271
100.342
97.0459
97.7783
101.257
97.0459
98.3276
88.623
101.257
96.3135
98.1445
96.4966
99.4263
96.3135
96.6797
96.6797
99.0601
98.6938
84.9609
104.553
103.455
99.4263
95.5811
99.4263
95.9473
101.257
99.4263
101.257
95.9473
105.835
98.1445
90.4541
102.539
89.1724
87.3413
83.4961
101.44
97.4121
100.525
85.8765
102.356
101.807
97.5952
102.539
105.286
101.44
99.7925
99.4263
96.8628
99.7925
96.1304
102.173
105.286
104.736
106.018
86.2427
101.807
99.9756
83.6792
107.3
101.074
90.0879
105.469
101.44
102.722
101.99
97.7783
86.4258
88.2568
88.8062
103.455
100.342
83.6792
104.736
95.3979
96.1304
92.6514
95.9473
99.6094
96.8628
95.7642
99.6094
94.1162
102.173
96.4966
95.0317
95.2148
98.6938
99.0601
96.4966
97.0459
102.173
101.624
100.159
98.6938
95.5811
80.3833
99.2432
100.891
103.088
99.2432
97.9614
101.44
98.3276
97.4121
87.8906
99.0601
97.5952
85.6934
105.652
97.0459
104.004
100.159
97.0459
100.525
83.1299
84.7778
107.3
97.7783
93.5669
97.7783
101.074
104.004
95.9473
97.0459
99.7925
97.9614
100.525
100.525
101.99
97.229
94.6655
91.9189
98.6938
96.6797
87.7075
105.286
99.2432
105.286
100.342
97.5952
88.9893
100.525
86.6089
99.2432
87.5244
102.905
101.257
100.891
102.356
85.8765
103.088
99.4263
101.074
96.8628
98.6938
96.6797
99.2432
98.6938
92.1021
97.0459
99.2432
98.877
97.4121
96.1304
97.229
98.5107
98.6938
97.0459
103.638
85.5103
98.877
101.624
107.483
101.074
103.455
81.4819
95.2148
96.6797
95.5811
98.877
95.7642
98.6938
98.877
103.638
101.99
94.6655
99.7925
97.4121
97.4121
100.342
97.9614
100.891
97.7783
88.0737
104.553
85.6934
99.7925
98.3276
98.5107
99.2432
103.271
102.539
97.0459
84.0454
96.6797
88.0737
103.271
99.0601
105.286
97.229
108.398
88.8062
89.7217
91.3696
91.1865
91.1865
94.2993
95.0317
97.7783
101.99
97.9614
96.6797
100.525
95.0317
91.1865
97.229
99.2432
94.8486
95.7642
100.891
96.3135
103.638
103.455
84.7778
102.539
99.9756
101.624
96.6797
99.6094
97.7783
98.5107
96.4966
99.0601
96.8628
99.6094
99.6094
98.6938
95.2148
99.0601
100.342
97.7783
96.8628
97.5952
97.9614
84.7778
99.0601
99.4263
100.891
97.5952
101.257
94.2993
98.6938
84.2285
91.9189
100.891
103.638
97.229
95.9473
100.342
100.525
98.877
106.201
98.877
96.4966
98.3276
96.3135
94.8486
99.9756
95.5811
94.8486
98.1445
97.9614
92.6514
93.75
93.75
95.3979
98.1445
105.652
91.9189
96.4966
96.8628
99.2432
95.3979
95.0317
95.5811
103.271
100.159
98.877
97.5952
99.9756
103.271
82.0313
106.934
106.567
104.187
105.652
87.3413
85.5103
93.3838
91.1865
104.004
98.5107
97.229
98.6938
98.877
100.342
103.088
107.117
102.173
95.9473
93.9331
96.4966
100.159
93.2007
116.089
119.751
95.3979
103.271
95.5811
106.567
95.2148
103.271
91.9189
90.6372
98.877
86.2427
88.4399
89.5386
97.4121
86.0596
91.5527
87.8906
87.3413
100.525
84.7778
104.37
96.3135
91.7358
90.271
108.948
97.0459
93.75
85.5103
100.891
96.6797
99.0601
102.539
95.3979
101.807
98.877
102.356
82.5806
97.7783
95.3979
98.6938
99.6094
99.2432
94.8486
99.6094
99.6094
99.2432
100.891
97.229
105.103
100.708
92.1021
93.3838
95.5811
96.1304
90.271
93.5669
86.6089
92.4683
106.018
90.6372
95.5811
95.2148
95.5811
91.9189
105.103
105.835
102.173
99.9756
99.0601
100.159
100.525
97.7783
97.4121
96.8628