21.2402
14.8315
17.395
13.1836
15.0147
19.5923
20.1416
13.0005
14.6484
15.3809
17.9443
19.2261
19.2261
17.5781
20.874
19.043
10.125
17.2119
14.2822
13.916
13.1836
15.9302
15.7471
19.7754
18.4937
17.7612
17.9443
21.6064
17.9443
18.6768
13.3667
17.5781
17.5781
15.9302
15.9302
18.4937
16.2964
15.564
14.6484
18.6768
14.8315
19.2261
17.2119
18.6768
17.9443
16.4795
18.1274
19.5923
14.6484
15.564
14.8315
12.085
18.3106
13.0005
14.0991
15.9302
17.7612
15.3809
17.395
14.2822
20.6909
15.3809
14.4653
17.9443
18.1274
15.7471
16.1133
15.7471
16.8457
13.7329
17.2119
14.6484
18.6768
13.5498
17.2119
15.3809
17.7612
13.5498
14.6484
18.3106
22.3389
15.564
16.8457
19.4092
19.9585
12.8174
19.043
14.4653
19.043
16.6626
19.7754
15.9302
19.4092
15.1978
19.9585
13.916
17.2119
18.6768
20.5078
16.6626
18.3106
15.7471
20.5078
16.8457
18.4937
17.395
16.2964
15.7471
15.564
15.3809
17.0288
15.0147
21.2402
19.9585
18.3106
18.1274
17.395
16.8457
14.0991
16.1133
12.6343
18.3106
17.0288
17.395
16.8457
19.4092
11.7188
18.8599
14.6484
14.4653
17.0288
16.6626
16.1133
18.3106
15.7471
15.9302
13.5498
16.4795
15.7471
15.564
16.4795
14.0991
15.9302
16.6626
14.0991
15.7471
16.6626
18.3106
15.564
16.6626
16.1133
14.8315
20.874
20.3247
14.8315
16.4795
15.3809
16.4795
15.7471
20.1416
16.1133
17.0288
15.564
19.7754
13.7329
14.8315
15.1978
16.8457
14.0991
21.0571
15.1978
21.0571
16.6626
21.0571
17.0288
18.6768
19.2261
17.2119
16.2964
13.3667
19.4092
17.395
15.1978
19.4092
20.1416
17.9443
17.5781
20.6909
16.6626
17.5781
17.2119
17.0288
15.1978
21.9727
16.8457
18.3106
17.0288
16.4795
16.1133
18.1274
16.4795
17.395
13.916
15.9302
16.2964
16.1133
16.1133
11.1694
15.564
15.1978
16.4795
15.1978
15.7471
16.6626
18.4937
14.6484
22.522
14.8315
17.395
16.8457
17.395
16.2964
16.2964
16.2964
13.1836
13.0005
15.3809
18.4937
19.4092
14.2822
17.7612
18.8599
21.4233
14.2822
16.8457
14.8315
17.9443
15.7471
15.7471
15.7471
22.3389
12.085
14.6484
15.564
14.2822
14.0991
18.4937
17.5781
19.2261
13.916
16.4795
19.4092
17.395
13.916
17.7612
14.6484
17.5781
13.7329
13.916
18.4937
17.5781
19.043
18.8599
18.1274
19.5923
19.043
15.7471
20.1416
16.6626
17.2119
15.7471
19.043
16.6626
14.8315
14.6484
13.1836
20.6909
12.4512
19.5923
13.0005
15.564
15.9302
17.7612
15.1978
16.2964
12.2681
11.7188
17.395
14.4653
17.2119
16.8457
17.0288
16.4795
17.5781
15.1978
16.2964
15.9302
23.4375
13.3667
15.9302
14.8315
15.1978
13.916
23.6206
17.0288
17.395
18.3106
15.7471
17.7612
16.8457
18.6768
16.6626
17.5781
17.7612
13.1836
20.5078
16.4795
21.0571
15.564
16.2964
12.2681
15.3809
15.564
17.5781
17.2119
18.3106
14.2822
16.1133
14.0991
15.1978
16.4795
18.8599
15.9302
19.9585
18.6768
15.9302
15.7471
21.0571
16.6626
19.7754
18.1274
13.5498
17.9443
13.3667
17.7612
14.0991
17.5781
16.1133
15.9302
17.395
13.1836
13.3667
17.9443
16.6626
17.0288
14.8315
19.7754
17.7612
17.9443
12.8174
17.395
15.9302
18.1274
18.1274
16.6626
11.9019
14.8315
15.564
18.1274
13.916
14.4653
15.1978
14.8315
17.5781
20.1416
12.8174
15.564
12.4512
19.2261
11.3525
17.7612
16.1133
17.395
13.7329
19.7754
13.3667
15.0147
15.7471
20.5078
17.395
23.0713
17.0288
13.5498
17.395
17.2119
18.6768
15.9302
17.0288
16.2964
16.6626
19.5923
17.2119
19.5923
20.6909
17.9443
19.5923
18.4937
21.4233
14.4653
18.6768
23.0713
17.5781
18.8599
11.3525
18.1274
17.2119
15.3809
19.043
15.564
18.3106
18.3106
14.4653
22.3389
16.8457
15.9302
11.7188
17.0288
17.2119
17.9443
17.2119
15.9302
15.3809
18.3106
18.3106
18.3106
17.5781
16.1133
19.043
20.3247
15.0147
16.8457
15.0147
17.5781
17.5781
19.9585
17.7612
18.4937
21.0571
17.7612
17.5781
17.7612
14.8315
17.7612
13.3667
18.6768
16.4795
19.4092
14.8315
19.4092
15.9302
16.8457
14.0991
19.4092
14.4653
19.7754
17.2119
17.9443
17.5781
20.5078
16.4795
14.0991
16.8457
15.1978
19.5923
15.564
23.9868
13.5498
17.395
16.1133
17.9443
19.2261
17.0288
15.7471
17.5781
17.395
18.1274
13.3667
16.8457
15.0147
19.2261
13.1836
16.2964
17.5781
17.5781
15.1978
17.7612
12.6343
16.8457
16.8457
18.3106
15.9302
17.9443
15.1978
15.0147
17.395
19.4092
14.8315
17.395
16.4795
14.6484
14.8315
16.4795
16.8457
18.6768
15.3809
20.1416
14.4653
16.6626
14.6484
15.0147
13.5498
14.6484
12.8174
18.6768
15.564
19.9585
13.5498
17.5781
17.2119
18.8599
13.7329
17.7612
12.4512
19.7754
18.3106
17.395
14.6484
18.3106
12.2681
16.6626
14.6484
16.2964
14.2822
18.3106
14.6484
21.0571
17.5781
22.1558
18.4937
20.5078
14.8315
21.2402
13.916
16.8457
17.2119
19.2261
13.7329
17.9443
18.6768
15.564
18.3106
15.7471
15.1978
13.1836
13.3667
16.1133
17.2119
15.1978
15.0147
15.0147
17.2119
15.1978
16.1133
13.5498
16.8457
13.1836
14.2822
10.437
14.4653
12.6343
18.1274
12.4512
17.2119
16.6626
12.8174
13.0005
17.9443
11.5357
19.4092
11.5357
16.4795
17.7612
15.9302
14.4653
16.2964
13.1836
14.4653
15.564
16.6626
16.2964
13.5498
16.8457
17.2119
15.7471
14.4653
10.9863
17.395
14.8315
14.6484
20.5078
17.9443
14.0991
16.4795
12.6343
16.6626
17.2119
16.4795
13.5498
15.9302
12.2681
15.9302
16.6626
13.3667
14.4653
13.7329
12.085
16.1133
15.1978
17.2119
16.6626
15.564
12.6343
15.1978
13.7329
14.2822
18.8599
15.3809
14.4653
18.4937
13.916
17.9443
15.0147
15.7471
14.8315
13.3667
13.5498
16.4795
14.0991
18.4937
14.6484
15.3809
13.3667
16.6626
14.2822
15.9302
15.0147
14.0991
14.2822
16.1133
16.2964
15.1978
10.6201
18.8599
14.2822
15.0147
14.6484
15.9302
15.1978
14.6484
13.916
14.2822
17.9443
17.7612
15.1978
15.0147
13.7329
19.043
14.2822
16.1133
11.5357
15.0147
11.7188
17.395
12.2681
13.1836
19.9585
17.395
16.2964
13.916
15.7471
17.5781
13.5498
15.0147
13.916
16.2964
16.8457
15.9302
14.8315
17.5781
17.2119
15.7471
13.0005
17.5781
16.1133
15.7471
15.3809
18.1274
16.6626
14.8315
16.4795
12.6343
19.9585
15.564
20.1416
19.9585
17.395
17.7612
19.2261
16.8457
13.7329
16.6626
17.9443
17.395
14.0991
17.5781
16.2964
18.3106
17.2119
11.1694
18.4937
15.3809
14.2822
14.2822
14.6484
15.7471
19.2261
15.1978
15.9302
14.6484
16.1133
11.3525
17.2119
12.8174
13.0005
18.3106
16.8457
13.916
13.916
14.8315
15.0147
14.2822
19.4092
11.3525
17.2119
16.4795
18.3106
17.9443
16.6626
15.7471
21.2402
15.3809
17.0288
16.8457
16.4795
17.395
13.5498
15.7471
11.5357
17.395
13.0005
18.3106
15.1978
16.8457
16.6626
14.2822
15.7471
14.0991
17.7612
17.7612
14.4653
14.2822
13.916
14.8315
11.5357
17.5781
16.8457
14.8315
12.4512
14.6484
14.8315
18.3106
16.8457
15.3809
19.5923
12.8174
17.7612
16.2964
10.6201
16.4795
15.9302
13.5498
15.0147
15.7471
13.5498
15.564
20.3247
17.395
19.2261
15.9302
17.9443
14.0991
21.0571
21.2402
17.9443
16.8457
17.395
15.1978
20.1416
13.916
18.1274
15.3809
20.6909
17.395
17.9443
14.0991
15.9302
15.7471
21.0571
15.9302
13.7329
15.564
14.8315
16.1133
16.2964
17.0288
15.9302
18.4937
17.395
21.7896
17.5781
18.1274
18.3106
15.9302
17.395
17.7612
19.4092
15.3809
16.4795
15.7471
18.4937
16.8457
15.0147
16.4795
13.3667
17.395
21.9727
19.4092
18.1274
13.5498
15.564
15.7471
16.8457
15.3809
14.2822
17.5781
16.4795
14.6484
14.4653
18.3106
13.916
13.3667
19.4092
13.0005
18.4937
13.7329
17.0288
13.0005
16.6626
14.8315
16.4795
16.4795
16.2964
14.8315
16.4795
14.6484
16.1133
13.0005
15.564
15.7471
21.2402
14.8315
15.7471
15.9302
15.564
14.6484
12.2681
18.8599
15.3809
13.916
15.7471
18.4937
14.2822
15.564
13.5498
16.1133
16.6626
16.4795
15.564
18.8599
14.0991
15.1978
13.3667
18.4937
15.0147
16.4795
14.6484
17.2119
17.9443
17.395
17.5781
19.4092
17.9443
18.1274
15.3809
15.1978
14.6484
18.6768
16.6626
18.1274
18.1274
15.3809
14.8315
23.4375
17.7612
15.564
17.0288
14.0991
15.7471
15.1978
15.564
21.9727
17.9443
15.1978
14.8315
15.7471
13.1836
15.9302
19.043
17.2119
16.2964
16.8457
15.1978
13.3667
16.8457
15.7471
19.4092
17.0288
18.6768
14.4653
15.564
12.8174
17.9443
14.0991
17.2119
15.1978
15.3809
14.8315
16.8457
16.2964
16.8457
15.0147
17.2119
12.6343
17.395
13.916
16.2964
17.0288
